6.561185937516711419e-02
2.412873563225817128e-02
3.287240823010002810e-02
7.175650404591936427e-02
1.675807751713382920e-01
3.546279421433173873e-01
5.942772091348134111e-01
9.599920630312595016e-01
1.557570782136093124e+00
1.005309386266598493e+00
5.907353718434332768e-01
4.278770282622870180e-01
3.250860239240898619e-01
2.628556057269386681e-01
2.168891286344643843e-01
1.828619243843215836e-01
1.629241844099087455e-01
1.373484719159416834e-01
1.207269522392290378e-01
1.085628316223967993e-01
9.526282770833348346e-02
