2.082871593751178807e-02
1.341360450192825848e-02
6.624998673900288002e-03
1.373295460228853015e-02
7.068886263776821832e-02
3.307544758947467689e-01
5.400213681845822400e-01
9.465259700782387986e-01
4.941991941755368600e+00
4.946570384651746366e+00
2.489912011955492499e+00
1.425424708180147437e+00
9.667594856770831413e-01
6.831259273304438606e-01
5.371213384405917335e-01
4.249364461245518365e-01
3.573790650406505343e-01
2.984562182883751524e-01
2.590439531583866861e-01
2.302538386234729006e-01
2.077759661241319611e-01
