-1.999917968749999941e+00
-1.999812499999999993e+00
-1.998103320312500042e+00
-1.990132421875000057e+00
-1.967853515625000105e+00
-1.919088541666666758e+00
-1.833877604166666675e+00
-1.681713541666666645e+00
-1.397703125000000046e+00
-1.104860677083333353e+00
-9.341028645833333588e-01
-8.285286458333332993e-01
-7.483997395833332789e-01
-6.804088541666666323e-01
-6.263528645833332797e-01
-5.778750000000000275e-01
-5.389244791666666368e-01
-5.080872395833333499e-01
-4.774283854166666563e-01
-4.514414062500000102e-01
-4.281484374999999787e-01
