9.999195312499999932e-01
9.999026041666666531e-01
9.994876953125000352e-01
9.973776367187500158e-01
9.910256835937499842e-01
9.747311197916667114e-01
9.446881510416667016e-01
8.765709635416666368e-01
6.576842447916666501e-01
3.670501302083333250e-01
2.289628906249999984e-01
1.738027343749999898e-01
1.505312500000000053e-01
1.284355468750000007e-01
1.161048177083333355e-01
1.053424479166666650e-01
1.005468749999999939e-01
9.560677083333332660e-02
9.037174479166666663e-02
8.719140625000000588e-02
8.353450520833333171e-02
