4.711473100442731266e-02
4.195403231243884784e-02
4.930992446617290387e-02
7.080558045736687345e-02
1.613413856599412999e-01
2.928440336648683306e-01
5.158562630852591147e-01
8.814290762177245941e-01
1.695207779040412532e+00
9.442001713004846142e-01
5.663666205977911927e-01
4.255427224021340882e-01
3.292128912009850694e-01
2.635516923842331494e-01
2.197780369199278661e-01
1.879917492195967710e-01
1.612398247973801102e-01
1.399010089373009802e-01
1.234287589960294806e-01
1.095386049655995286e-01
9.723378236093971339e-02



