3.096001251234881124e-02
2.222105203400780160e-02
5.729495547653135762e-02
2.436350142201271565e-02
6.068985050717529139e-02
6.458281668588922164e-02
2.541312079772883314e-01
6.793023245612971328e-01
7.952567554085137935e+00
5.854537299503972392e+00
2.493294047599436958e+00
1.428251830931593691e+00
9.345903543823237403e-01
6.936108950095497550e-01
5.270624926256127774e-01
4.401742856628000355e-01
3.531183412704824165e-01
3.050166729582494685e-01
2.652693993625503954e-01
2.301117541879697526e-01
2.062649812299801599e-01



