-1.999947149999999674e+00
-1.999795600000017215e+00
-1.998038500000212547e+00
-1.990145299999333872e+00
-1.967955200000919946e+00
-1.920957500000569196e+00
-1.836040599999879674e+00
-1.686425599999989755e+00
-1.394966499999992449e+00
-1.092569062499999744e+00
-9.346089062500001488e-01
-8.270696874999998727e-01
-7.441540625000000464e-01
-6.795170312500000698e-01
-6.238251562500000125e-01
-5.800812499999997707e-01
-5.402293749999999006e-01
-5.068976562500000504e-01
-4.774551562500000124e-01
-4.510293750000000657e-01
-4.280415625000000279e-01




