9.999293999999998572e-01
9.998888999999946403e-01
9.993089999999411610e-01
9.973604749990377938e-01
9.911677000001449800e-01
9.772575000003437262e-01
9.479921000001413356e-01
8.828011499999539602e-01
6.365237499999966131e-01
2.983999218749999738e-01
1.826540624999999640e-01
1.390210937500000465e-01
1.159415625000000810e-01
1.027228906250000351e-01
9.249179687500004576e-02
8.623328125000007116e-02
8.028140625000003416e-02
7.575867187500003042e-02
7.271203125000005874e-02
6.955992187500004142e-02
6.726398437500002991e-02




