9.999843749994852260e-04
2.377935493462697211e-03
1.964577129501375238e-02
7.876911498415629931e-02
1.524198899872440116e-01
2.498764260355034739e-01
3.209592209185537781e-01
3.775788204020906758e-01
4.047254725897921901e-01
4.216975290412704469e-01
4.124830557851239532e-01
3.855667674422710300e-01
3.668334960937499889e-01
3.372332539693110864e-01
3.086362213243573072e-01
2.830243818938605327e-01
2.595129366355592437e-01
2.363210189114237081e-01
2.149117792235237800e-01
1.958240618404100686e-01
1.791713743750000254e-01
