3.124951171962209173e-05
2.370524649788945191e-04
2.497531866775902672e-03
1.137981195977328351e-02
2.659816964285712307e-02
5.099975585937490535e-02
7.430520217483077561e-02
9.834926004800438604e-02
1.164836956521741185e-01
1.344858353960397823e-01
1.425331122159090580e-01
1.457423897058822970e-01
1.509856011199951775e-01
1.474452240391196101e-01
1.438907822533176117e-01
1.404258064516129278e-01
1.361743139648437517e-01
1.309281696509212445e-01
1.266690571342718730e-01
1.211982491410339424e-01
1.163470929687500655e-01
