-1.999968750000000073e+00
-1.999843749999999920e+00
-1.997781250000000064e+00
-1.986312499999999925e+00
-1.962062500000000043e+00
-1.913874999999999993e+00
-1.852718749999999970e+00
-1.772218749999999954e+00
-1.686749999999999972e+00
-1.582218750000000007e+00
-1.490687499999999943e+00
-1.416531250000000020e+00
-1.312500000000000000e+00
-1.242406249999999934e+00
-1.174781250000000110e+00
-1.103937500000000016e+00
-1.042093750000000041e+00
-9.891874999999999973e-01
-9.333124999999999893e-01
-8.914999999999999591e-01
-8.531874999999999876e-01
