9.999921874999999627e-01
9.999453124999999609e-01
9.992343750000000080e-01
9.954765625000000506e-01
9.873750000000000027e-01
9.712890625000000222e-01
9.510156250000000311e-01
9.243203125000000187e-01
8.962499999999999911e-01
8.614374999999999671e-01
8.317812500000000275e-01
8.066875000000000018e-01
7.716640624999999698e-01
7.498359374999999938e-01
7.280703124999999831e-01
7.049999999999999600e-01
6.849921875000000160e-01
6.681015624999999680e-01
6.487968750000000506e-01
6.356093750000000320e-01
6.230937500000000018e-01
