1.999959999977818370e-03
2.187727705112010434e-03
1.585201108032297315e-02
6.181139701222383015e-02
1.471227103794645330e-01
3.116140532544365849e-01
4.965923849525221145e-01
6.862358014134846140e-01
8.053271565139856758e-01
8.067691123649027851e-01
7.316291193181813091e-01
6.198714955467481413e-01
5.003559108734130234e-01
4.061054584479393825e-01
3.219711993778148762e-01
2.681651935483872484e-01
2.216836051364516058e-01
1.862153463196231096e-01
1.589174781573594875e-01
1.377516738057995849e-01
1.206176546484375028e-01
