6.249874999753046723e-05
9.913141163788795720e-05
1.056168421052991208e-03
5.685207313827667260e-03
1.774774285714439057e-02
6.049826682692255320e-02
1.328039479518580979e-01
2.465015375270617204e-01
3.657543868620503069e-01
4.552728832524368663e-01
4.924989784934303838e-01
4.801521635372897889e-01
4.465619561004635640e-01
3.978330859375001638e-01
3.518514511986300941e-01
3.140079379410281035e-01
2.787483797994474433e-01
2.479483848757000897e-01
2.231697174273480910e-01
2.038616982473003825e-01
1.856336608886718642e-01
