-1.999975000000000058e+00
-1.999931249999999938e+00
-1.998350000000000071e+00
-1.990199999999999969e+00
-1.967378124999999978e+00
-1.917656250000000062e+00
-1.831312499999999899e+00
-1.702351562500000082e+00
-1.536542968750000071e+00
-1.354894531250000034e+00
-1.180546875000000107e+00
-1.035382812499999972e+00
-9.023281250000000364e-01
-8.097460937499999512e-01
-7.197265625000000000e-01
-6.580312499999999565e-01
-6.035781249999999654e-01
-5.533124999999999849e-01
-5.167617187499999876e-01
-4.864414062499999858e-01
-4.564765625000000160e-01
