9.999937500000000146e-01
9.999828124999999845e-01
9.995749999999999913e-01
9.974093750000000425e-01
9.911499999999999755e-01
9.756093750000000009e-01
9.464765625000000071e-01
8.983925781249999520e-01
8.320644531249999920e-01
7.545449218749999964e-01
6.761816406249999689e-01
6.104921875000000053e-01
5.463945312500000373e-01
5.050859374999999707e-01
4.609687499999999827e-01
4.336054687500000004e-01
4.083867187499999885e-01
3.862949218749999747e-01
3.686933593749999738e-01
3.563710937499999787e-01
3.430664062500000111e-01
