9.129815100095584057e-03
5.862039239006612557e-03
3.518607509693744834e-02
6.298899636034992200e-02
1.475315137627618844e-01
4.400989252033942201e-01
6.025060080350566061e-01
9.084947413902544344e-01
1.191097799307634153e+00
1.066447297743098321e+00
7.471275025745731657e-01
4.998130816963732292e-01
3.651626399993896932e-01
2.825036626999220535e-01
2.289437391467602223e-01
1.908187376390151624e-01
1.624641906411501691e-01
1.405004926992581005e-01
1.234659430756399473e-01
1.087288151682339749e-01
9.824601500000000598e-02
