4.437408875048731716e-04
4.645330948337373722e-04
3.206344671052886730e-02
5.454046803191781034e-03
1.957035374553178081e-02
1.801795895057038133e-01
2.565795796079871627e-01
6.016655732010057767e-01
1.325726685731307031e+00
1.747561062809404486e+00
1.520986318575772600e+00
1.104727408657554699e+00
8.174045808362961907e-01
6.349921304031707070e-01
5.042178929953379241e-01
4.095070039653162519e-01
3.457974299398283158e-01
2.937473341219687395e-01
2.568753691084306179e-01
2.278081331294992129e-01
2.030236158172607497e-01
