-1.999973124999999907e+00
-1.999859374999999995e+00
-1.997739375000000095e+00
-1.989983749999999940e+00
-1.967881875000000003e+00
-1.914462890625000080e+00
-1.829343750000000046e+00
-1.681035156250000107e+00
-1.453397460937499996e+00
-1.194204101562500009e+00
-9.893447265625000542e-01
-8.484990234375000551e-01
-7.558046874999999609e-01
-6.859931640624999938e-01
-6.280322265625000178e-01
-5.817666015625000409e-01
-5.421933593750000169e-01
-5.087998046874999680e-01
-4.777539062500000266e-01
-4.512802734374999902e-01
-4.277187499999999809e-01
