9.999915624999999864e-01
9.999628124999999645e-01
9.989656249999999682e-01
9.973903124999999870e-01
9.912715625000000363e-01
9.725556640625000471e-01
9.435649414062500240e-01
8.796103515625000036e-01
7.546997070312500000e-01
5.838046875000000302e-01
4.410102539062499827e-01
3.508325195312499978e-01
2.969760742187499969e-01
2.616230468749999871e-01
2.351079101562499885e-01
2.167612304687500102e-01
2.030922851562499964e-01
1.919311523437499944e-01
1.825957031250000084e-01
1.755917968750000113e-01
1.691098632812499947e-01
